[GLOBALINFO]
BOXCHECKED=@0063@0150@0108@0176@3@1
BOXUNCHECKED=@0108@0150@0153@0176@3@1
COLOR=12632256
HOTCOLOR=16777215
MASTERBITMAP=MASTER.BMP
RADIOCHECKED=@0063@0176@0108@0202@3@1
RADIOUNCHECKED=@0108@0176@0153@0202@3@1
SMALLCHECKED=@0063@0150@0108@0176@3@1
SMALLUNCHECKED=@0108@0150@0153@0176@3@1
AUTHOR=
VERSION=4.7
DESCRIPTION=
BOXGRAYED=@0000@0331@0045@0344@3@0
TCLEFT=16777215
GRIPIMAGE=@0144@0078@0159@0108@1@1
BICONCLOSE=@0000@0114@0054@0132@3@0
BICONHELP=@0054@0114@0108@0132@3@0
BICONMAX=@0000@0132@0054@0150@3@0
BICONMIN=@0054@0132@0108@0150@3@0
BICONNORM=@0000@0132@0054@0150@3@0
TITLEBUTTON=@0111@0060@0165@0078@3@0
SHADOW1OFFSET=1
SHADOW1BLUR=2
SMALLGRAYED=@0000@0331@0045@0344@3@0

[PAGECONTROLRIGHT]
PARENTCLASS=PAGECONTROL

[PAGECONTROLLEFT]
PARENTCLASS=PAGECONTROL

[PAGECONTROLBOTTOM]
PARENTCLASS=PAGECONTROL

[SPLITTER]
PARENTCLASS=SPEEDBUTTON_SMALL

[MENUITEM]
HOTFONTCOLOR=16777215
HOTCOLOR=8421504
TRANSPARENCY=100

[MENULINE]
HOTFONTCOLOR=16777215
HOTTRANSPARENCY=100
TRANSPARENCY=100

[TOOLBAR]
PARENTCLASS=PANEL

[MAINMENU]
GRADIENTDATA=16777215;12632256;99;1;0;12632256;12632256;0;1;0
GRADIENTPERCENT=90
HOTCOLOR=15790320
COLOR=15790320
BORDERSMASK=^0054^0202^0108^0274^0000^0000^0000^0000^1^1^0^0

[TABCONTROL]
PARENTCLASS=PAGECONTROL

[TABCONTROLLEFT]
PARENTCLASS=PAGECONTROLLEFT

[TABCONTROLRIGHT]
PARENTCLASS=PAGECONTROLRIGHT

[TABCONTROLBOTTOM]
PARENTCLASS=PAGECONTROLBOTTOM

[FORMTITLE]
BORDERSMASK=^0108^0000^0132^0048^0000^0000^0000^0000^1^1^1^0
FONTCOLOR=8421504
GRADIENTDATA=14079702;11842740;99;0;0;11842740;11842740;0;0;0
GRADIENTPERCENT=100
HOTGRADIENTDATA=12566463;10395294;99;0;0;10395294;10395294;0;0;0
HOTGRADIENTPERCENT=100
TRANSPARENCY=100

[EDIT]
BORDERSMASK=^0132^0000^0198^0060^0000^0000^0000^0000^1^0^1^2
COLOR=16777215
HOTCOLOR=16777215

[TRACKBAR]
COLOR=15791348
FADINGENABLED=TRUE
FADINGINTERVALIN=5
FADINGINTERVALOUT=5
FADINGITERATIONS=5
HOTCOLOR=16777215
HOTTRANSPARENCY=100
SLIDERCHANNEL=^0120^0048^0126^0060^0000^0000^0000^0000^1^1^1^0
SLIDERMASK=@0165@0060@0198@0102@3@1
SLIDERVMASK=@0081@0092@0144@0114@3@1
TRANSPARENCY=100

[SCROLLBAR1H]
GRADIENTDATA=12632256;14408667;8;0;0;14408667;16250871;46;0;0;16250871;16053492;10;0;0;16053492;15263976;35;0;0;15263976;15263976;0;0;0
GRADIENTPERCENT=100
HOTGRADIENTDATA=12632256;14408667;8;0;0;14408667;16250871;46;0;0;16250871;16053492;10;0;0;16053492;15263976;35;0;0;15263976;15263976;0;0;0
HOTGRADIENTPERCENT=100

[SCROLLBAR2H]
GRADIENTDATA=12632256;14408667;8;0;0;14408667;16250871;46;0;0;16250871;16053492;10;0;0;16053492;15263976;35;0;0;15263976;15263976;0;0;0
GRADIENTPERCENT=100
HOTGRADIENTDATA=12632256;14408667;8;0;0;14408667;16250871;46;0;0;16250871;16053492;10;0;0;16053492;15263976;35;0;0;15263976;15263976;0;0;0
HOTGRADIENTPERCENT=100

[SCROLLBAR1V]
GRADIENTDATA=12632256;14408667;8;1;0;14408667;16250871;46;1;0;16250871;16053492;10;1;0;16053492;15263976;35;1;0;15263976;15263976;0;1;0
GRADIENTPERCENT=100
HOTGRADIENTDATA=12632256;14408667;8;1;0;14408667;16250871;46;1;0;16250871;16053492;10;1;0;16053492;15263976;35;1;0;15263976;15263976;0;1;0
HOTGRADIENTPERCENT=100

[SCROLLBAR2V]
GRADIENTDATA=12632256;14408667;8;1;0;14408667;16250871;46;1;0;16250871;16053492;10;1;0;16053492;15263976;35;1;0;15263976;15263976;0;1;0
GRADIENTPERCENT=100
HOTGRADIENTDATA=12632256;14408667;8;1;0;14408667;16250871;46;1;0;16250871;16053492;10;1;0;16053492;15263976;35;1;0;15263976;15263976;0;1;0
HOTGRADIENTPERCENT=100

[COMBOBOX]
GLYPHMASK=@0108@0114@0165@0148@3@1
PARENTCLASS=EDIT
SHOWFOCUS=TRUE
COLOR=16777215

[GROUPBOX]
BORDERSMASK=^0000^0232^0018^0268^0000^0000^0000^0000^1^1^1^0
COLOR=12632256
TRANSPARENCY=100

[GAUGE]
COLOR=14342874
GRADIENTDATA=16777215;14211288;39;1;0;14211288;12632256;12;1;0;12632256;16776955;48;1;0;16776955;16776955;0;1;0
GRADIENTPERCENT=90
IMAGEPERCENT=10
PARENTCLASS=PANEL_LOW
PATTERN=~0000~0444~0145~0533~00

[PROGRESSH]
BORDERSMASK=^0021^0190^0042^0232^0000^0000^0000^0000^1^1^1^0
GRADIENTDATA=15592167;12363666;42;0;0;12363666;11568731;8;0;0;11568731;16765826;40;0;0;16765826;16770688;9;0;0;16770688;16770688;0;0;0
GRADIENTPERCENT=100

[PROGRESSV]
BORDERSMASK=^0000^0190^0021^0232^0000^0000^0000^0000^1^1^1^0
GRADIENTDATA=15592167;12363666;42;1;0;12363666;11568731;8;1;0;11568731;16765826;40;1;0;16765826;16770688;9;1;0;16770688;16770688;0;1;0
GRADIENTPERCENT=100

[DIVIDER]
BORDERSMASK=^0153^0150^0156^0192^0000^0000^0000^0000^1^1^1^0

[PANEL_LOW]
BORDERSMASK=^0165^0102^0198^0162^0000^0000^0000^0000^1^1^1^0
TRANSPARENCY=100
HOTTRANSPARENCY=100

[SCROLLSLIDERV]
BORDERSMASK=^0000^0190^0021^0232^0000^0000^0000^0000^1^1^1^0
GRADIENTDATA=16777215;16777215;20;1;0;16777215;14334618;19;1;0;14334618;13410421;13;1;0;13410421;15779204;23;1;0;15779204;16777215;16;1;0;16777215;16777215;8;1;0;16777215;16777215;0;1;0
GRADIENTPERCENT=100
HOTGRADIENTDATA=16777215;16777215;20;1;0;16777215;14334618;19;1;0;14334618;13410421;13;1;0;13410421;15779204;23;1;0;15779204;16777215;16;1;0;16777215;16777215;8;1;0;16777215;16777215;0;1;0
HOTGRADIENTPERCENT=100

[SCROLLSLIDERH]
BORDERSMASK=^0021^0190^0042^0232^0000^0000^0000^0000^1^1^1^0
GRADIENTDATA=16777215;16777215;16;0;0;16777215;13809821;20;0;0;13809821;12227952;13;0;0;12227952;15907697;23;0;0;15907697;16777215;16;0;0;16777215;16777215;11;0;0;16777215;16777215;0;0;0
GRADIENTPERCENT=100
HOTGRADIENTDATA=16777215;16777215;16;0;0;16777215;13809821;20;0;0;13809821;12227952;13;0;0;12227952;15907697;23;0;0;15907697;16777215;16;0;0;16777215;16777215;11;0;0;16777215;16777215;0;0;0
HOTGRADIENTPERCENT=100

[SPEEDBUTTON_SMALL]
BORDERSMASK=^0000^0150^0063^0190^0000^0000^0000^0000^3^1^1^0
FADINGENABLED=TRUE
FADINGINTERVALIN=5
FADINGINTERVALOUT=5
FADINGITERATIONS=5
HOTCOLOR=65535
HOTGRADIENTDATA=16777215;8947848;99;0;0;8947848;8947848;0;0;0
HOTGRADIENTPERCENT=100
TRANSPARENCY=100

[DRAGBAR]
BORDERSMASK=^0021^0150^0042^0190^0000^0000^0000^0000^1^1^1^0
GRADIENTDATA=8421504;12632256;81;0;0;12632256;10066329;18;0;0;10066329;10066329;0;0;0
GRADIENTPERCENT=100
TCBOTTOM=14342874

[FORM]
GRIPIMAGE=@0144@0078@0159@0108@1@1
BICONCLOSE=@0000@0114@0054@0132@3@0
BICONHELP=@0054@0114@0108@0132@3@0
BICONMAX=@0000@0132@0054@0150@3@0
BICONMIN=@0054@0132@0108@0150@3@0
BICONNORM=@0000@0132@0054@0150@3@0
TITLEBUTTON=@0111@0060@0165@0078@3@0
BORDERSMASK=^0126^0298^0198^0331^0000^0000^0000^0000^1^0^1^2
COLOR=14145495
GRADIENTDATA=9276813;14540253;52;1;0;14540253;9079434;47;1;0;9079434;9079434;0;1;0
GRADIENTPERCENT=50
HOTCOLOR=14145495
HOTGRADIENTDATA=9276813;14540253;52;1;0;14540253;9079434;47;1;0;9079434;9079434;0;1;0
HOTGRADIENTPERCENT=50
HOTIMAGEPERCENT=50
HOTPATTERN=~0000~0274~0126~0331~00
IMAGEPERCENT=50
PATTERN=~0000~0274~0126~0331~00
RESERVEDBOOLEAN=TRUE

[PAGECONTROL]
BORDERSMASK=^0126^0298^0198^0331^0000^0000^0000^0000^1^0^1^2
COLOR=14540253
GRADIENTDATA=8421504;15329769;51;1;0;15329769;8421504;48;1;0;8421504;8421504;0;1;0
GRADIENTPERCENT=50
HOTGRADIENTDATA=8421504;15329769;51;1;0;15329769;8421504;48;1;0;8421504;8421504;0;1;0
HOTGRADIENTPERCENT=50
HOTIMAGEPERCENT=50
IMAGEPERCENT=50
PATTERN=~0000~0274~0126~0331~00

[PANEL]
BORDERSMASK=^0054^0202^0108^0274^0000^0000^0000^0000^1^1^1^0
COLOR=12632256
GRADIENTDATA=9276813;14540253;52;1;0;14540253;9079434;47;1;0;9079434;9079434;0;1;0
GRADIENTPERCENT=50
IMAGEPERCENT=50
PATTERN=~0000~0274~0126~0331~00

[ALPHAEDIT]
BORDERSMASK=^0054^0202^0108^0274^0000^0000^0000^0000^1^1^1^0
COLOR=15921906
GRADIENTDATA=16777215;15132390;99;0;0;15132390;15132390;0;0;0
HOTCOLOR=16770250
HOTGRADIENTDATA=16777215;15724527;30;0;0;15724527;15526890;46;0;0;15526890;16777215;23;0;0;16777215;16777215;0;0;0
HOTGRADIENTPERCENT=100

[SCROLLBTNBOTTOM]
BORDERSMASK=^0126^0202^0198^0226^0000^0000^0000^0000^3^0^1^0
GLYPHMASK=@0081@0082@0108@0087@3@0
RESERVEDBOOLEAN=TRUE

[SCROLLBTNLEFT]
BORDERSMASK=^0126^0274^0198^0298^0000^0000^0000^0000^3^0^1^0
GLYPHMASK=@0082@0069@0097@0077@3@0
RESERVEDBOOLEAN=TRUE

[SCROLLBTNTOP]
BORDERSMASK=^0126^0250^0198^0274^0000^0000^0000^0000^3^0^1^0
GLYPHMASK=@0081@0077@0108@0082@3@0
RESERVEDBOOLEAN=TRUE

[DIALOG]
BORDERSMASK=^0054^0202^0108^0274^0000^0000^0000^0000^1^1^1^0
PARENTCLASS=FORM

[STATUSBAR]
COLOR=14281452
FONTCOLOR=2697513
GRADIENTDATA=10197915;11316396;6;0;0;11316396;12566463;44;0;0;12566463;13224393;49;0;0;13224393;13224393;0;0;0
GRADIENTPERCENT=100

[ALPHACOMBOBOX]
GLYPHMASK=@0108@0114@0165@0148@3@1
SHOWFOCUS=TRUE
COLOR=12632256
TRANSPARENCY=0
HOTTRANSPARENCY=0
GRADIENTPERCENT=0
IMAGEPERCENT=0
HOTGRADIENTPERCENT=100
HOTIMAGEPERCENT=0
GRADIENTDATA=16777215;15132390;99;0;0;15132390;15132390;0;0;0
HOTGRADIENTDATA=16777215;15724527;30;0;0;15724527;15526890;46;0;0;15526890;16777215;23;0;0;16777215;16777215;0;0;0
PATTERN=N/A
HOTPATTERN=N/A
BORDERSMASK=^0054^0202^0108^0274^0000^0000^0000^0000^1^1^1^0

[SCROLLBTNRIGHT]
BORDERSMASK=^0126^0226^0198^0250^0000^0000^0000^0000^3^0^1^0
GLYPHMASK=@0082@0061@0097@0069@3@0
HOTTRANSPARENCY=100
RESERVEDBOOLEAN=TRUE
TRANSPARENCY=100

[TABTOP]
BORDERSMASK=^0156^0162^0174^0198^0000^0000^0000^0000^1^1^1^0
GRADIENTDATA=16777215;13816530;40;0;0;13816530;11053224;59;0;0;11053224;11053224;0;0;0
GRADIENTPERCENT=100
HOTGRADIENTDATA=12632256;16777215;84;0;0;16777215;14869218;14;0;0;14869218;14869218;0;0;0
HOTGRADIENTPERCENT=100

[TABLEFT]
BORDERSMASK=^0108^0238^0126^0274^0000^0000^0000^0000^1^1^1^0
GRADIENTDATA=16777215;13816530;40;1;0;13816530;11053224;59;1;0;11053224;11053224;0;1;0
GRADIENTPERCENT=100
HOTGRADIENTDATA=12632256;16777215;84;1;0;16777215;14869218;15;1;0;14869218;14869218;0;1;0
HOTGRADIENTPERCENT=100

[TABBOTTOM]
BORDERSMASK=^0174^0162^0192^0198^0000^0000^0000^0000^1^1^1^0
GRADIENTDATA=11382189;13816530;62;0;0;13816530;11974326;37;0;0;11974326;11974326;0;0;0
GRADIENTPERCENT=100
HOTGRADIENTDATA=12632256;16777215;22;0;0;16777215;14869218;77;0;0;14869218;14869218;0;0;0
HOTGRADIENTPERCENT=100

[TABRIGHT]
BORDERSMASK=^0108^0202^0126^0238^0000^0000^0000^0000^1^1^1^0
GRADIENTDATA=11382189;13816530;62;1;0;13816530;11974326;37;1;0;11974326;11974326;0;1;0
GRADIENTPERCENT=100
HOTGRADIENTDATA=12632256;16777215;22;1;0;16777215;14869218;77;1;0;14869218;14869218;0;1;0
HOTGRADIENTPERCENT=100

[BAR]
BORDERSMASK=^0165^0102^0198^0162^0000^0000^0000^0000^1^1^1^0
TRANSPARENCY=100
HOTTRANSPARENCY=100
GRADIENTPERCENT=50
IMAGEPERCENT=50
GRADIENTDATA=13882323;11974326;52;1;0;11974326;14079702;47;1;0;14079702;14079702;0;1;0
PATTERN=~0000~0444~0145~0533~00
COLOR=12632256
HOTCOLOR=16777215

[BARPANEL]
BORDERSMASK=^0126^0298^0198^0331^0000^0000^0000^0000^1^0^1^2
COLOR=16777215
IMAGEPERCENT=50
HOTGRADIENTPERCENT=50
HOTIMAGEPERCENT=50
GRADIENTDATA=8421504;15329769;42;0;0;15329769;16777215;58;0;0;16777215;16777215;0;0;0
HOTGRADIENTDATA=8421504;15329769;51;1;0;15329769;8421504;48;1;0;8421504;8421504;0;1;0
PATTERN=~0000~0274~0126~0331~00
HOTCOLOR=16777215

[WEBBUTTON]
COLOR=12632256
TRANSPARENCY=100
HOTTRANSPARENCY=100
FADINGENABLED=TRUE
FADINGITERATIONS=20

[RADIOBUTTON]
HOTTRANSPARENCY=100
TRANSPARENCY=100
FADINGENABLED=TRUE
FADINGITERATIONS=20

[BUTTON_BIG]
BORDERSMASK=^0000^0060^0081^0114^0000^0000^0000^0000^3^1^1^0
GRADIENTDATA=16777215;15461355;15;0;0;15461355;13750737;8;0;0;13750737;12632256;38;0;0;12632256;11645361;37;0;0;11645361;11645361;0;0;0
PARENTCLASS=BUTTON
FADINGENABLED=TRUE
FADINGITERATIONS=20

[BUTTON]
BORDERSMASK=^0000^0232^0054^0268^0000^0000^0000^0000^3^1^1^0
COLOR=13487565
FADINGENABLED=TRUE
FADINGITERATIONS=20
GRADIENTDATA=16777215;13750737;24;0;0;13750737;12632256;38;0;0;12632256;15461355;18;0;0;15461355;11645361;18;0;0;11645361;11645361;0;0;0
GRADIENTPERCENT=100
HOTGRADIENTDATA=16777215;13553358;63;0;0;13553358;16777215;18;0;0;16777215;11645361;18;0;0;11645361;11645361;0;0;0
HOTGRADIENTPERCENT=100
HOTTCBOTTOM=15263976
HOTTCRIGHT=15263976
SHOWFOCUS=TRUE

[CHECKBOX]
HOTTRANSPARENCY=100
TRANSPARENCY=100
COLOR=12632256
FADINGENABLED=TRUE
FADINGITERATIONS=20

[SPEEDBUTTON]
BORDERSMASK=^0000^0000^0108^0060^0000^0000^0000^0000^3^1^1^0
COLOR=15263976
FADINGENABLED=TRUE
FADINGITERATIONS=20
FONTCOLOR=2434341
HOTCOLOR=16768680
HOTGRADIENTDATA=16764800;16765834;81;0;0;16765834;16777215;18;0;0;16777215;16777215;0;0;0
HOTGRADIENTPERCENT=50
HOTIMAGEPERCENT=50
HOTPATTERN=~0000~0274~0126~0331~00
IMAGEPERCENT=50
TRANSPARENCY=100

[TOOLBUTTON]
BORDERSMASK=^0000^0150^0063^0190^0000^0000^0000^0000^3^1^1^0
COLOR=15791348
FADINGENABLED=TRUE
FADINGITERATIONS=20
HOTCOLOR=65535
HOTGRADIENTDATA=16777215;12632256;99;0;0;12632256;12632256;0;0;0
HOTGRADIENTPERCENT=100
HOTTRANSPARENCY=25
TRANSPARENCY=100

[BARTITLE]
COLOR=12632256
HOTCOLOR=16777215
GRADIENTPERCENT=100
HOTGRADIENTPERCENT=100
GRADIENTDATA=16777215;13816530;37;0;0;13816530;11053224;58;0;0;11053224;8421504;5;0;0;8421504;8421504;0;0;0
HOTGRADIENTDATA=12632256;16777215;69;0;0;16777215;14869218;31;0;0;14869218;14869218;0;0;0
BORDERSMASK=^0156^0162^0174^0198^0000^0000^0000^0000^1^1^1^0
FADINGENABLED=TRUE
FADINGITERATIONS=20

[EXTRALINE]
GRADIENTPERCENT=100
GRADIENTDATA=16777215;10265253;97;0;0;10265253;10265253;0;0;0

